[ -2.15798591e-05   9.42695393e-05  -1.02465519e-03  -6.51415968e-04
   7.01753952e-04   6.10194592e-04  -1.19992069e-03  -2.33779128e-05
  -2.17577071e-05  -1.68145732e-03   4.03925943e-03   1.40940568e-02
  -2.66208292e-03   1.00425693e-03   4.49422102e-03  -1.33973422e-03
  -9.37007315e-04   1.08558405e-03   7.53631890e-04   1.61285066e-03
  -2.33222000e-04   8.93717345e-04   9.89598115e-04  -5.04482864e-04
   5.48259848e-04  -4.71463826e-04  -0.00000000e+00  -7.86024420e-04
  -1.39576449e-03  -4.64988948e-04  -5.61276929e-04   4.89271988e-03
   1.11478972e-03   1.13968804e-03   5.53799669e-04   1.03354900e-03
  -5.24923569e-04  -2.47796762e-03   2.21946440e-04  -5.67563796e-04
   1.06992879e-04   1.75552277e-03  -2.16695273e-04  -2.06743518e-03
   1.21257584e-03  -2.72009143e-03   6.28657581e-03   3.94915039e-03
   2.35549203e-03  -2.60661990e-03  -5.61139195e-04  -2.44670420e-03
  -2.82729007e-04  -5.74318166e-03  -4.64833402e-03  -8.40248899e-05
  -5.09796464e-03   1.80469190e-04  -5.46580730e-04   6.46838247e-03
   3.59473755e-03   4.46616878e-04   2.11247203e-03   1.17648474e-03
   9.99733212e-04   1.71701406e-03   5.99621256e-04   1.54545168e-03
  -7.23104195e-04  -1.69239757e-04   6.12221542e-04  -9.02067822e-05
  -1.73778715e-03  -3.73218410e-04  -2.31737252e-03   1.52169047e-03
  -3.53576219e-03  -1.33016245e-03  -1.18023422e-03  -5.37204105e-03
   4.60140306e-03  -2.24612077e-04   1.04599731e-03  -1.40625401e-03
   5.28199098e-04   7.15776240e-04   8.68283874e-04  -6.61131520e-04
   1.32662873e-03   4.80363163e-04   7.63528233e-04  -4.51679305e-03
  -4.18682382e-04  -1.44214272e-03   3.04552991e-03  -1.79323820e-03
  -6.99391287e-04  -7.65272307e-04   1.64663523e-03   2.08285457e-03
   2.88180724e-03  -1.07233013e-03  -1.01254739e-03   1.89278390e-03
  -3.25362089e-03   5.68979825e-03  -7.81174853e-04   5.33216732e-04
   1.97444199e-03  -6.39384300e-04  -9.97630273e-04   6.02158758e-05
  -4.54158702e-04  -3.34179877e-04  -1.21775947e-03   2.78254684e-03
  -5.86395070e-04  -5.11750556e-04   4.25728238e-03   3.16276391e-03
  -7.63809073e-04  -1.04784262e-03  -1.77174411e-03  -1.26819424e-03
  -4.51989870e-04   1.35424462e-03   5.78176509e-04  -4.84884765e-04
   7.65562465e-04   5.37821411e-05  -6.50088267e-04  -3.45982781e-03
  -8.81317098e-04   2.36052986e-03  -1.34935069e-03  -6.86615286e-04
  -9.55855572e-04  -9.35040526e-04   8.82152170e-04  -2.99830636e-03
   4.21356365e-04   1.69026198e-03  -7.02538401e-04  -2.19010230e-03
   2.77871652e-03   5.11026702e-04   2.49165824e-04   1.52095568e-03
   1.73468132e-03   2.20543359e-03   7.38014413e-03  -2.10615426e-03
  -1.74346724e-03  -3.88258329e-04   2.21845810e-03   1.43729665e-03
  -0.00000000e+00   1.32875289e-03  -2.15590370e-04   5.99659374e-04
   1.31443884e-04   4.33741889e-04  -2.35318944e-03  -1.76222784e-03
   3.50956565e-04   1.81247271e-03   7.74259397e-04  -3.11051806e-05
  -3.52572275e-04  -3.63280830e-04   6.63107848e-04  -2.43106476e-04
  -1.92139333e-03  -6.08387758e-04  -9.39670139e-04  -2.44195924e-03
   2.96431686e-03   1.09271479e-04   2.57379529e-04   7.51270838e-03
  -1.86179292e-04  -2.67890089e-03  -1.02837621e-03  -9.94401528e-03
   5.17873863e-03   1.92539471e-04   5.39573313e-04  -1.97913345e-03
  -0.00000000e+00  -4.20032988e-03   2.74853868e-05   8.67974433e-05
  -9.77265170e-04   2.71290910e-03  -4.75361088e-04  -1.52118614e-03
  -8.12070577e-04   1.65875804e-03   5.21726901e-04   7.74026173e-04
   2.94398319e-04   2.67969800e-04   2.28429000e-03  -9.17205951e-04
  -3.14251393e-04  -4.70782159e-04  -2.62766200e-04   4.96296318e-04
   1.12389738e-03   1.08659349e-03  -9.09197093e-04  -2.44846335e-03
   9.25696214e-04  -1.48135052e-03  -0.00000000e+00   7.06016854e-03
   3.13421387e-03   2.94423221e-03   1.75270625e-03   4.19790444e-04
   3.82937483e-04  -1.79269155e-03   9.69915974e-04   0.00000000e+00
   4.03117571e-05   1.66217820e-03   2.75452389e-04   5.70245159e-04
   1.14996529e-03   6.77716412e-04   1.34176617e-03  -1.74300869e-03
  -3.37994201e-03   4.76159514e-04   1.77632876e-05  -2.61022797e-03
   8.04241937e-04   4.39246014e-04  -4.01016276e-04   1.17524055e-04
   3.47448620e-04   7.20993758e-04  -9.18912928e-04  -8.88757802e-04
  -1.94930902e-03  -2.02064322e-04  -6.54599764e-04   8.95531409e-04
   1.62593915e-03   1.90537419e-06  -9.21940341e-04   1.12264793e-03
   6.43119015e-03   2.78244141e-03   6.92694206e-03   2.56256074e-03
  -1.02326942e-04  -1.92079633e-04   1.39733723e-03   1.39947106e-03
  -3.29250131e-06  -4.02103242e-04   3.05168496e-05  -4.94348005e-04
  -3.44476154e-04  -9.67953264e-04  -4.08676859e-04   3.82770318e-04
  -5.58547801e-03   1.93640693e-03   4.07738782e-03  -1.16905386e-05
  -1.34558247e-03  -1.29705488e-03   6.48626039e-04   2.94176400e-03
  -4.42619597e-05  -1.41161883e-03  -2.82997806e-03   2.72299029e-03
   2.43585086e-03   6.38000672e-03  -8.74130253e-04   1.93695552e-04
   3.29797106e-04   5.21088286e-04   2.96197077e-05   1.45378280e-03
   3.18116932e-03  -1.00338228e-03  -9.37975658e-05   0.00000000e+00
   2.61898846e-03  -2.45698247e-03  -4.27981197e-04  -4.19782183e-03
   7.39682905e-04  -1.37561439e-03  -4.23047926e-04   2.06009322e-05
  -3.05191061e-03   2.17139770e-03   4.50386506e-04   1.27398426e-04
   5.88129486e-03   2.43467405e-03   4.45472645e-05  -3.61095838e-04
  -6.39723196e-04   2.38656255e-04   0.00000000e+00  -4.14626704e-04
  -3.18117052e-04  -3.01939999e-03   2.53700595e-04  -3.32106255e-04
   3.39015091e-03  -1.30866792e-03  -1.69010574e-03  -3.39401179e-04
   1.16034832e-03   0.00000000e+00  -8.09386197e-05   2.03856484e-03
   3.41336787e-04  -1.43150562e-04  -5.28365360e-04   3.90866643e-04
   2.17149914e-03  -1.91390513e-03   3.61694440e-03  -7.09385745e-04
  -1.93913404e-04   6.03435756e-04  -5.53953724e-03   3.97233099e-04
  -3.60650351e-04   4.08110468e-03  -9.82323896e-04   8.63553269e-04
  -2.15626411e-03   2.10725153e-03  -3.69145891e-03  -3.02690013e-04
  -6.66809989e-04   1.96193751e-03  -2.06663319e-03   4.58059035e-04
  -1.11329692e-03   9.46663589e-04   2.74118624e-03   3.05230580e-04
   8.81480138e-05  -1.38601139e-03   8.32215028e-04  -3.28075738e-03
  -2.62708691e-04   1.32099881e-03   6.15896064e-04  -2.58282404e-03
   9.05060927e-04  -3.10488345e-05  -2.22503775e-03   1.45882052e-03
  -7.66522222e-04   1.38489123e-03   8.71608997e-05   5.60568223e-03
  -1.37518814e-03   2.69841377e-03   1.39801382e-03   7.35619509e-04
  -3.41952923e-03   2.86103238e-03   8.62839793e-04   3.30760487e-05
   1.06797250e-03   1.77738659e-03   6.58642846e-04  -2.38845801e-03
  -1.03173061e-04  -3.85318670e-03  -3.52016352e-03   7.22709575e-04
  -3.60981845e-03   6.20178654e-03  -1.35933034e-03   7.78965033e-04
  -6.41270275e-04  -3.17328091e-03  -6.25491139e-03  -2.60139436e-04
   2.52409016e-03  -4.85240568e-04   2.30519642e-04   5.11560909e-04
   3.11823575e-04  -9.30161717e-04  -0.00000000e+00  -1.53307575e-03
  -1.90422493e-03  -6.09815358e-04   3.79112974e-04  -5.40735764e-04
  -4.50939419e-04   2.19546265e-03   1.11058234e-03   1.90120294e-03
  -3.47918803e-03  -1.18147037e-03   8.54193908e-04  -9.35350998e-04
   1.17166983e-03   1.60632129e-03  -9.06229434e-04  -1.15411233e-03
   7.22516311e-03   1.31365677e-04  -1.04579625e-03   2.65274142e-05
   1.60155499e-03  -8.15409216e-04  -5.27116282e-05  -2.91225754e-04
  -3.71867371e-04   2.66186309e-04  -1.05201748e-03   7.30082380e-04
  -7.19221341e-04   4.79407244e-04   3.63226856e-03   8.71436177e-05
  -1.35436953e-03   2.74713277e-03   2.59518544e-04  -1.56966797e-03
   7.72734909e-04   3.05118183e-03  -7.59947503e-05  -1.03345019e-03
  -2.50412714e-03  -5.45662269e-06  -2.38977652e-04  -5.95417304e-03
  -2.65523947e-04   3.74139995e-04  -1.30366298e-03  -2.20229708e-03
   4.36494195e-04  -2.56853581e-03  -0.00000000e+00   2.17098457e-03
  -7.54555095e-04   1.52510587e-03  -1.07781239e-03  -1.41438589e-03
   2.97680739e-04  -2.09612799e-03   9.93506628e-04   5.20985206e-03
  -2.84889198e-04   4.82158910e-04   1.79261672e-03   2.10146431e-03
  -1.20806020e-04  -5.96580198e-04  -3.06824504e-05   4.59921008e-04
   6.62556332e-04   7.51117214e-04   3.61207608e-04  -2.24495767e-05
   9.77463886e-04  -1.01617218e-03  -4.19331513e-03   1.76243818e-03
   3.52050499e-05   5.95613360e-04   2.49018023e-03   7.08204046e-04
   4.30063101e-03  -4.43056829e-04  -1.06797774e-03  -3.05442157e-03
   4.98232226e-04  -1.42731562e-03   2.75314402e-04  -6.12108904e-04
   1.29914591e-03   2.42264459e-03  -4.27287436e-04   5.28610483e-04
  -1.73685255e-03   1.48309625e-03  -6.10971649e-03  -0.00000000e+00
   3.68995014e-03  -1.03014720e-03   4.93730288e-04  -4.61365375e-04]