[ -3.62802277e-05   1.33367331e-04  -7.82729445e-04  -7.36462967e-04
   5.55564426e-04   0.00000000e+00  -5.54037201e-04   1.07809587e-05
  -3.26183145e-05  -4.75422395e-04   2.22827646e-03   1.05292045e-02
  -0.00000000e+00   0.00000000e+00   2.24081593e-03  -1.43110102e-03
  -5.96653420e-04   0.00000000e+00   3.26812752e-04   1.11561313e-03
  -7.65474501e-04   4.05465461e-04   7.98531608e-04  -0.00000000e+00
   4.79788061e-04  -5.39660896e-04   0.00000000e+00  -6.53923675e-04
  -1.18701738e-03   0.00000000e+00  -0.00000000e+00   2.99685152e-03
   5.02987295e-04   0.00000000e+00  -0.00000000e+00   0.00000000e+00
  -1.80443464e-04  -1.85533513e-03   0.00000000e+00  -6.01617919e-04
  -1.00241075e-04   9.84258424e-04  -6.99540551e-05  -1.49743409e-03
   1.12288745e-03  -2.10317270e-03   3.49594697e-03   1.46784753e-03
   1.11768841e-04  -7.91214216e-04  -9.69416494e-04  -2.07932703e-03
  -4.78587462e-06  -3.15443352e-03  -4.02930803e-03   0.00000000e+00
  -3.52893671e-03   0.00000000e+00  -0.00000000e+00   5.51839082e-03
   1.07515323e-03   0.00000000e+00   2.01544252e-03   6.10718675e-04
   4.59114215e-04   8.53986655e-04   2.63372011e-04   1.14905383e-03
  -6.70928792e-04  -3.18626764e-05   6.79817129e-04  -5.85351355e-05
  -1.31156678e-03  -0.00000000e+00  -1.71291988e-03   1.98222976e-03
  -1.57581401e-03  -9.82134537e-04  -0.00000000e+00  -4.30645284e-03
   3.66567943e-03   0.00000000e+00   1.31420967e-03  -7.33381542e-04
   3.09012152e-04   2.43074946e-04   7.17797994e-04  -0.00000000e+00
   1.26078542e-03  -0.00000000e+00   7.81477812e-04  -3.42736447e-03
  -0.00000000e+00  -2.00461403e-04   2.17637284e-03  -1.75201210e-03
  -8.07485576e-05  -5.75304879e-04   1.67948514e-03   1.31816115e-03
   2.10547355e-03  -0.00000000e+00  -1.17689921e-03   2.12297717e-03
  -2.51229925e-03   4.18135170e-03  -9.44134676e-04   5.24272587e-05
   1.35329499e-03   0.00000000e+00  -5.78909382e-04   1.59103121e-04
  -2.81152223e-04  -2.55176485e-04  -0.00000000e+00   1.58132036e-03
  -5.23617419e-04  -3.29258699e-05   2.01114461e-03   1.59294204e-03
  -1.55331243e-04  -3.48091161e-04  -1.25431707e-03  -3.38253756e-04
  -1.76246262e-04   0.00000000e+00   7.33925072e-04  -1.25093316e-04
   0.00000000e+00   1.75270164e-04  -9.99981547e-04  -1.27209426e-03
  -0.00000000e+00   2.42307150e-03  -1.03822597e-03  -5.09934342e-04
  -9.31844306e-04  -1.55229234e-06   6.57331033e-04  -2.24527328e-03
   0.00000000e+00   9.04003618e-04  -5.43412090e-04  -1.47910107e-03
   1.87887342e-03  -1.08605325e-04   1.82962130e-04   1.04904558e-03
   1.39893088e-03   1.65803914e-03   4.87934786e-03  -6.82819628e-04
  -7.03261130e-05  -2.84981996e-04   0.00000000e+00   1.52931804e-03
  -0.00000000e+00   7.77120584e-04  -0.00000000e+00   3.14224268e-05
  -1.81521886e-04   2.04345256e-04  -1.69902657e-03  -7.05508820e-04
   5.17469507e-04   1.39280745e-03   0.00000000e+00  -0.00000000e+00
  -2.18950684e-04  -2.91390590e-05   1.43635044e-05  -2.64422017e-04
  -1.77580483e-03  -3.28091477e-04  -8.07931987e-04  -1.67887559e-03
   8.30432601e-04   1.27389422e-05  -0.00000000e+00   6.97718832e-03
  -3.25877053e-04  -2.73856087e-03  -1.01490258e-03  -8.37843139e-03
   3.29403891e-03   5.14871371e-04   0.00000000e+00  -1.35108087e-03
  -0.00000000e+00  -3.65749152e-03   7.06730067e-05   0.00000000e+00
  -6.81245751e-04   1.77185978e-03  -0.00000000e+00  -1.12646695e-03
  -5.94743135e-04   1.36962313e-03   2.01272260e-04   2.06485750e-04
   7.91368797e-05   3.93282552e-04   1.02389633e-03  -1.03431688e-03
  -0.00000000e+00  -2.50624482e-04  -2.25723583e-04   3.81316463e-04
   0.00000000e+00   0.00000000e+00  -9.83370282e-04  -1.24772279e-03
   4.58270175e-04  -0.00000000e+00  -0.00000000e+00   6.74667083e-03
   2.85343982e-03   1.62600096e-03   9.06281806e-04  -9.09882185e-05
   2.96718819e-04  -1.47411341e-03   0.00000000e+00  -0.00000000e+00
   0.00000000e+00   8.84203231e-04   0.00000000e+00   3.74915941e-04
   2.78747534e-04   5.31044422e-04   8.86415376e-04  -1.48065820e-03
  -1.59179984e-03   1.50521589e-04   1.36947084e-04  -9.04904461e-04
   8.29587482e-05   0.00000000e+00  -5.08456006e-04  -0.00000000e+00
   1.48570393e-04   4.58959317e-04  -1.00048696e-03  -0.00000000e+00
  -4.46259995e-04  -0.00000000e+00  -6.65084328e-04   2.05587034e-04
   6.25676689e-04  -0.00000000e+00  -3.30932606e-04   6.93598596e-04
   3.80546795e-03   6.32722049e-04   6.47675539e-03   2.10380826e-03
  -0.00000000e+00  -0.00000000e+00   9.98976353e-04   1.28425779e-03
  -1.48097393e-04  -3.21363346e-04  -0.00000000e+00  -9.47150022e-05
  -1.80461691e-04  -9.69052474e-04  -0.00000000e+00  -0.00000000e+00
  -4.27350974e-03   1.93270466e-03   3.72577497e-03  -6.62886660e-05
  -7.55311796e-05  -1.46605170e-05   6.49417797e-04   6.54058955e-04
   0.00000000e+00  -5.92556088e-04  -1.41823624e-03   2.39563269e-03
   2.61646404e-03   5.94515840e-03  -0.00000000e+00   1.41192989e-04
   0.00000000e+00   5.32200329e-04   2.18842923e-04   9.63221249e-04
   2.47820686e-03  -4.82946163e-04  -1.02516998e-04   0.00000000e+00
   1.91010395e-03  -1.85015253e-03  -1.04400805e-04  -2.81527762e-03
   0.00000000e+00  -6.26514014e-04  -3.81838436e-04  -3.54225182e-07
  -1.91653602e-03   2.20686814e-03  -0.00000000e+00   3.42088724e-04
   5.68645225e-03   1.32903696e-03   9.99979321e-05  -4.76319850e-04
  -0.00000000e+00  -0.00000000e+00   0.00000000e+00  -3.33066211e-04
  -3.07128203e-04  -2.69452311e-03   0.00000000e+00  -3.20839029e-04
   1.43472068e-03  -1.16289853e-03  -1.32954856e-03  -4.53518313e-04
   1.08943211e-03  -2.33137663e-05   0.00000000e+00   1.54613697e-03
   3.45006362e-05   0.00000000e+00  -1.07976815e-04   5.29139908e-04
   1.34345332e-03  -1.65203767e-03   2.30337957e-03  -1.22149869e-04
  -0.00000000e+00   0.00000000e+00  -3.96977266e-03   0.00000000e+00
  -0.00000000e+00   1.71232665e-03  -0.00000000e+00   1.04091250e-03
  -1.03393006e-03   1.86420603e-03  -2.96420559e-03   0.00000000e+00
  -3.15833779e-04   1.41880262e-03  -1.09139768e-03   2.29849430e-04
  -1.01997766e-03   1.09110644e-03   6.90368727e-04   0.00000000e+00
   2.62964599e-05  -1.18027227e-03   1.47231918e-04  -1.54426572e-03
  -0.00000000e+00   6.76316686e-04   0.00000000e+00  -1.39501696e-03
   0.00000000e+00  -0.00000000e+00  -1.94105635e-03   1.62916451e-03
  -3.79177052e-05   1.11094220e-03   0.00000000e+00   3.82756507e-03
  -1.03090208e-03   1.69387302e-03   0.00000000e+00   0.00000000e+00
  -2.38500198e-03   2.96340177e-03   6.28878906e-04   5.31068909e-04
   1.00071341e-03   1.26770845e-03   8.44586499e-04  -8.12823327e-04
  -0.00000000e+00  -2.09741488e-03  -2.94451242e-03   5.55788419e-04
  -2.43611422e-03   4.91028607e-03  -9.08954000e-04   6.11532531e-04
  -4.52873558e-04  -1.50462041e-03  -2.93704162e-03   2.46448768e-04
   2.26972693e-03   2.70363229e-04   4.35084971e-04   6.12197358e-04
   1.56566827e-04  -0.00000000e+00   1.08578202e-06  -1.18046743e-03
  -9.26061566e-04  -0.00000000e+00   9.45107095e-04   0.00000000e+00
  -0.00000000e+00   1.90122211e-03   7.84788040e-04   1.67375715e-03
  -3.27819943e-03  -7.68992856e-04   6.28120391e-04  -0.00000000e+00
   7.02485244e-04   1.27181247e-03  -3.66688587e-04  -5.82773796e-04
   6.57183424e-03   0.00000000e+00  -1.71446086e-04  -3.75985511e-05
   9.78072037e-04  -7.53534328e-04  -0.00000000e+00  -1.06265840e-04
  -1.03743222e-04   2.36953896e-04  -7.92543244e-04   9.56011924e-04
  -2.66912255e-04   7.91103582e-04   1.72119906e-03   0.00000000e+00
  -8.07373971e-04   1.82565808e-03   2.01379180e-04  -1.19007489e-03
  -0.00000000e+00   3.97564923e-03   1.71725890e-05  -4.11709996e-04
  -1.19500853e-03  -0.00000000e+00  -3.45301106e-04  -4.66809405e-03
   0.00000000e+00   1.25818879e-04  -5.81605105e-04  -1.67856075e-03
   0.00000000e+00  -1.22955701e-03   0.00000000e+00   2.07465418e-03
  -2.33310159e-04   1.38569990e-03  -1.42402814e-03  -7.31665630e-05
  -0.00000000e+00  -1.02225611e-03   5.72582684e-04   3.36323176e-03
  -3.88777515e-04   2.33681623e-04   1.04388149e-03   0.00000000e+00
  -3.22452202e-05  -6.14387010e-04  -0.00000000e+00   1.48046568e-04
   2.79059385e-04  -0.00000000e+00   1.28984248e-05  -1.49083335e-04
   2.58410202e-05  -1.13184389e-03  -3.77809239e-03   1.18726664e-03
  -1.37010182e-04   7.35409350e-04   1.16487786e-03   1.58307881e-04
   1.97857519e-03  -2.06826748e-04  -2.34171210e-04  -2.86006920e-03
  -2.80050908e-05  -1.30744946e-03  -5.34597982e-04  -5.01371701e-05
  -0.00000000e+00   7.22491683e-04  -2.57269067e-04   3.49859256e-04
  -7.14626268e-04   7.45743060e-05  -6.51785306e-03   0.00000000e+00
   6.30969585e-04  -1.24791596e-03   7.57995217e-05  -5.16247868e-04]