[ -2.18319712e-05   8.91765514e-05  -1.07701291e-03  -6.75286605e-04
   7.06899330e-04   6.94274025e-04  -1.27541567e-03  -2.93763394e-05
  -2.31773040e-05  -1.93857005e-03   4.13093765e-03   1.43297488e-02
  -3.12705280e-03   1.18635064e-03   4.68847314e-03  -1.41496633e-03
  -1.03413237e-03   1.29038404e-03   7.91284941e-04   1.66556503e-03
  -3.24273888e-04   8.02500700e-04   9.13514547e-04  -8.70819866e-04
   4.66064757e-04  -5.52627240e-04  -1.58007689e-04  -9.11882966e-04
  -1.53649270e-03  -5.54170596e-04  -8.18618118e-04   5.08665605e-03
   1.11884672e-03   1.38186237e-03   6.24296634e-04   1.10064399e-03
  -5.90724785e-04  -2.65357333e-03   2.06220681e-04  -6.37258434e-04
   4.51081543e-04   1.85342315e-03  -2.77408993e-04  -2.12423718e-03
   1.15394925e-03  -2.85468444e-03   6.61682437e-03   4.02114843e-03
   2.56944521e-03  -3.00428275e-03  -5.31772633e-04  -2.46830830e-03
  -3.57395296e-04  -5.99904811e-03  -4.71701657e-03  -1.65558978e-04
  -5.33403242e-03   4.18267455e-04  -6.29018481e-04   6.55794298e-03
   3.92245324e-03   5.85314779e-04   2.24010375e-03   1.22420651e-03
   1.02501240e-03   1.80524166e-03   6.43724861e-04   1.48452041e-03
  -7.54665590e-04  -2.12000835e-04   6.07200734e-04  -8.79254191e-05
  -1.76851607e-03  -5.07852100e-04  -2.39928530e-03   1.54850812e-03
  -4.14010368e-03  -1.37198665e-03  -1.39725918e-03  -5.51053164e-03
   4.78630645e-03  -3.76818619e-04   9.86694421e-04  -1.48185054e-03
   6.16949744e-04   7.94025575e-04   8.98183265e-04  -6.89040896e-04
   1.36101146e-03   8.29671224e-04   7.36334996e-04  -4.66638929e-03
  -4.55194350e-04  -1.61000784e-03   3.26995524e-03  -1.78867847e-03
  -6.92117469e-04  -7.60211015e-04   1.70753832e-03   2.21445878e-03
   3.06501514e-03  -1.34751483e-03  -9.31801607e-04   1.92781418e-03
  -3.22182069e-03   5.85881408e-03  -7.30486316e-04   6.72455119e-04
   2.06353086e-03  -9.66924384e-04  -1.04491010e-03   4.78706071e-05
  -4.81157387e-04  -3.51946729e-04  -1.28137620e-03   2.90269254e-03
  -5.63876918e-04  -5.33023900e-04   4.45882581e-03   3.44473704e-03
  -8.08801457e-04  -1.13406077e-03  -1.78628544e-03  -1.42569219e-03
  -4.73753782e-04   1.46577047e-03   5.53494580e-04  -5.28441599e-04
   1.00626977e-03  -4.25066179e-05  -5.81663469e-04  -3.60644066e-03
  -9.83822524e-04   2.42867887e-03  -1.37037004e-03  -7.16073430e-04
  -9.37153786e-04  -9.43240775e-04   8.96506845e-04  -3.08150448e-03
   5.54984217e-04   1.78087807e-03  -6.76092313e-04  -2.29259101e-03
   2.84772668e-03   6.70088768e-04   2.83725444e-04   1.54040889e-03
   1.75978889e-03   2.30704460e-03   7.75553724e-03  -2.22153060e-03
  -1.88669362e-03  -3.88169597e-04   2.54148640e-03   1.52402235e-03
  -2.05368736e-05   1.45229520e-03  -2.51850265e-04   7.11445446e-04
   5.30119332e-04   5.63256054e-04  -2.39308705e-03  -1.81813364e-03
   3.69883651e-04   1.92794457e-03   9.63662712e-04   1.82746287e-05
  -3.42070895e-04  -3.68999993e-04   7.64686662e-04  -1.68550406e-04
  -1.98786993e-03  -6.35600852e-04  -9.21436144e-04  -2.45575060e-03
   3.10871413e-03   1.29778998e-04   3.82735367e-04   7.68173651e-03
  -1.22991368e-04  -2.65318334e-03  -1.05342546e-03  -1.00779220e-02
   5.45308094e-03   1.50561240e-04   6.17689097e-04  -2.06277388e-03
  -2.37339086e-05  -4.21525629e-03   4.43897012e-05   1.55604856e-04
  -1.03908066e-03   2.89180582e-03  -4.58519952e-04  -1.59637741e-03
  -8.79141665e-04   1.71351393e-03   5.76535371e-04   7.98266789e-04
   3.26624573e-04   2.76236811e-04   2.52852441e-03  -9.40514773e-04
  -4.27450000e-04  -4.78631718e-04  -2.56044881e-04   5.80465045e-04
   1.25496456e-03   1.16451341e-03  -8.96208988e-04  -2.49916050e-03
   9.39546183e-04  -3.91560074e-03  -1.53849513e-04   7.05751894e-03
   3.12199771e-03   3.07477281e-03   1.81777304e-03   4.86995679e-04
   3.52049115e-04  -1.79432019e-03   1.12141040e-03   1.58739200e-05
   6.26808432e-05   1.72188026e-03   3.20443170e-04   5.81162990e-04
   1.23546175e-03   6.59178430e-04   1.47085689e-03  -1.79590020e-03
  -3.76028884e-03   5.14261435e-04  -6.53565702e-05  -2.76723281e-03
   7.87225097e-04   4.99448579e-04  -4.73543717e-04   1.23062251e-04
   2.95750000e-04   7.14742146e-04  -9.50892156e-04  -1.02633542e-03
  -2.15689751e-03  -2.47580748e-04  -6.64117364e-04   9.68918858e-04
   1.85866881e-03   2.21220864e-05  -9.82314558e-04   1.21000772e-03
   6.70282971e-03   2.99170326e-03   6.89189113e-03   2.61428511e-03
  -1.61301794e-04  -2.31259112e-04   1.47240396e-03   1.43414746e-03
  -1.31186879e-05  -4.97631511e-04   2.08149053e-04  -6.91961913e-04
  -3.54718285e-04  -1.06912374e-03  -4.51086149e-04   4.32503530e-04
  -5.83440059e-03   1.88885736e-03   4.06145856e-03   1.15079148e-05
  -1.38979217e-03  -1.44027867e-03   6.41942916e-04   3.07449882e-03
  -1.30044161e-04  -1.50995065e-03  -3.09768960e-03   2.75038868e-03
   2.47232307e-03   6.43698975e-03  -9.05559295e-04   2.10104307e-04
   3.41666990e-04   5.22420029e-04   6.08276932e-05   1.54491237e-03
   3.37463672e-03  -1.05913754e-03  -6.54281667e-05  -2.26638797e-04
   2.73632127e-03  -2.53430730e-03  -4.69296243e-04  -4.38956563e-03
   1.00386731e-03  -1.42110348e-03  -4.28327112e-04   3.96037303e-05
  -3.11926158e-03   2.21677125e-03   6.75194866e-04   1.87420396e-04
   5.96360609e-03   2.58608254e-03   3.64203570e-05  -3.88885954e-04
  -6.96972853e-04   5.01501670e-04  -6.66340263e-06  -4.51750688e-04
  -3.23068851e-04  -3.06986763e-03   4.37494706e-04  -3.21533152e-04
   3.52581986e-03  -1.32636137e-03  -1.78141474e-03  -3.42102403e-04
   1.16894099e-03   6.95876349e-05  -1.69849676e-04   2.05448160e-03
   4.12737783e-04  -2.00407311e-04  -5.63652814e-04   4.06006361e-04
   2.25251901e-03  -1.97471071e-03   3.64902289e-03  -8.09681693e-04
  -2.40095075e-04   7.96941916e-04  -5.74293012e-03   4.81791040e-04
  -4.16726283e-04   4.20742058e-03  -1.13783746e-03   7.90757260e-04
  -2.28691697e-03   2.07530931e-03  -3.89401691e-03  -4.62990543e-04
  -7.13115814e-04   2.10990708e-03  -2.14063774e-03   4.70328580e-04
  -1.17927263e-03   9.34165999e-04   2.90677234e-03   3.35123389e-04
   6.57158142e-05  -1.45405867e-03   8.64582155e-04  -3.52619752e-03
  -3.17617131e-04   1.46985744e-03   6.64989081e-04  -2.73345841e-03
   1.01443623e-03  -1.37122809e-04  -2.35952507e-03   1.42693400e-03
  -9.16966744e-04   1.40863344e-03   7.77989204e-05   5.90097567e-03
  -1.36924303e-03   2.74069276e-03   1.39759002e-03   7.49888676e-04
  -3.56141146e-03   2.79489824e-03   8.90953083e-04   4.50022539e-05
   1.07719567e-03   1.87084175e-03   6.51192920e-04  -2.60925501e-03
  -1.02901562e-04  -4.12335614e-03  -3.69661275e-03   7.16371059e-04
  -3.80415997e-03   6.45181474e-03  -1.40766281e-03   7.58164098e-04
  -6.92912720e-04  -3.34236378e-03  -6.63430896e-03  -3.72756546e-04
   2.63246121e-03  -6.46161227e-04   2.96569821e-04   6.22481796e-04
   2.89249718e-04  -1.01502372e-03   7.18954285e-06  -1.60472107e-03
  -1.96154118e-03  -7.51361600e-04   3.59925238e-04  -7.10020988e-04
  -4.92676729e-04   2.27894181e-03   1.15479049e-03   1.87707038e-03
  -3.45490852e-03  -1.25208978e-03   8.69054546e-04  -1.00506877e-03
   1.16896329e-03   1.63543760e-03  -1.00808855e-03  -1.15118085e-03
   7.27679808e-03   2.58454768e-04  -1.10850258e-03   3.06689240e-04
   1.64641930e-03  -8.08834640e-04  -1.28594336e-04  -3.74714385e-04
  -3.37491042e-04   3.08807638e-04  -1.06200870e-03   7.90987189e-04
  -7.44439960e-04   4.91649165e-04   3.92676171e-03   1.65555912e-04
  -1.45376515e-03   2.92052350e-03   2.84684976e-04  -1.57072384e-03
   3.08384283e-03   2.98335979e-03  -7.41433695e-05  -1.11661140e-03
  -2.60010668e-03  -4.44555174e-05  -2.19900535e-04  -6.00052840e-03
  -4.28607624e-04   3.97134839e-04  -1.32227576e-03  -2.09850400e-03
   5.66240952e-04  -2.62921245e-03  -7.36335453e-05   2.23930851e-03
  -6.70846053e-04   1.69138947e-03  -9.76543895e-04  -1.42411149e-03
   5.86815873e-04  -2.19010437e-03   1.03534924e-03   5.59741679e-03
  -1.80245805e-04   5.42485380e-04   1.84117895e-03   2.57997874e-03
  -1.20343284e-04  -5.51686072e-04  -2.19108026e-05   5.40018858e-04
   7.10160810e-04   9.86089998e-04   4.46468352e-04  -1.32568250e-05
   1.08195437e-03  -9.72710786e-04  -4.33357037e-03   1.86610584e-03
   1.08133192e-04   5.82423481e-04   2.64155887e-03   7.66954452e-04
   4.54088291e-03  -4.59313612e-04  -1.27189984e-03  -3.03320071e-03
   6.83698034e-04  -1.49014194e-03   2.88158287e-04  -6.98625126e-04
   1.53004502e-03   2.41064774e-03  -5.85626395e-04   5.20788513e-04
  -1.87005142e-03   1.54452108e-03  -6.18482200e-03  -1.20871322e-04
   4.12055951e-03  -1.10426472e-03   4.66283558e-04  -4.80028236e-04]